1000	0.004000	0.001000	0.002000	0.000000	0.000000	0.005000	0.001000	
2000	0.013000	0.005000	0.004000	0.001000	0.000000	0.023000	0.001000	
3000	0.031000	0.009000	0.014000	0.000000	0.001000	0.050000	0.001000	
4000	0.062000	0.013000	0.023000	0.001000	0.000000	0.090000	0.001000	
5000	0.097000	0.022000	0.039000	0.001000	0.001000	0.155000	0.001000	
6000	0.124000	0.029000	0.053000	0.001000	0.001000	0.206000	0.002000	
7000	0.169000	0.038000	0.069000	0.001000	0.001000	0.289000	0.002000	
8000	0.215000	0.055000	0.092000	0.001000	0.001000	0.407000	0.002000	
9000	0.280000	0.069000	0.122000	0.002000	0.001000	0.480000	0.002000	
10000	0.345000	0.085000	0.144000	0.002000	0.001000	0.606000	0.002000	
11000	0.418000	0.096000	0.183000	0.002000	0.001000	0.745000	0.002000	
12000	0.490000	0.115000	0.205000	0.003000	0.001000	0.838000	0.003000	
13000	0.565000	0.136000	0.244000	0.002000	0.002000	1.014000	0.003000	
14000	0.651000	0.157000	0.276000	0.002000	0.002000	1.113000	0.003000	
15000	0.758000	0.183000	0.325000	0.003000	0.002000	1.302000	0.003000	
16000	0.860000	0.221000	0.382000	0.003000	0.003000	1.495000	0.004000	
17000	0.971000	0.234000	0.415000	0.003000	0.003000	1.676000	0.004000	
18000	1.081000	0.263000	0.465000	0.003000	0.003000	1.878000	0.004000	
19000	1.217000	0.289000	0.518000	0.004000	0.003000	2.083000	0.005000	
20000	1.324000	0.322000	0.563000	0.004000	0.003000	2.283000	0.005000	
21000	1.478000	0.351000	0.621000	0.004000	0.003000	2.581000	0.004000	
22000	1.612000	0.409000	0.701000	0.004000	0.003000	2.777000	0.005000	
23000	1.768000	0.423000	0.747000	0.004000	0.004000	3.011000	0.006000	
24000	1.948000	0.464000	0.818000	0.004000	0.004000	3.328000	0.005000	
25000	2.116000	0.506000	0.903000	0.005000	0.004000	3.627000	0.006000	
26000	2.239000	0.551000	0.972000	0.005000	0.004000	3.911000	0.008000	
27000	2.455000	0.587000	1.042000	0.006000	0.004000	4.225000	0.006000	
28000	2.616000	0.629000	1.130000	0.005000	0.004000	4.554000	0.007000	
29000	2.853000	0.692000	1.249000	0.007000	0.004000	5.068000	0.007000	
30000	3.072000	0.753000	1.373000	0.006000	0.005000	5.361000	0.007000	
31000	3.241000	0.789000	1.403000	0.006000	0.005000	6.272000	0.009000	
32000	3.931000	0.860000	1.497000	0.006000	0.006000	6.577000	0.008000	
33000	4.158000	0.945000	1.693000	0.008000	0.006000	7.282000	0.009000	
34000	4.901000	1.538000	2.852000	0.007000	0.005000	7.114000	0.008000	
35000	4.332000	1.046000	1.751000	0.007000	0.006000	7.247000	0.009000	
36000	4.443000	1.075000	1.864000	0.015000	0.000000	8.926000	0.008000	
37000	4.845000	1.160000	1.975000	0.008000	0.006000	10.018000	0.009000	
38000	5.188000	1.222000	2.107000	0.008000	0.008000	8.589000	0.009000	
39000	6.263000	1.656000	2.199000	0.008000	0.007000	10.824000	0.010000	
40000	5.481000	1.348000	2.359000	0.008000	0.007000	10.322000	0.019000	
41000	6.071000	1.421000	2.533000	0.009000	0.007000	11.859000	0.011000	
42000	6.228000	1.547000	2.635000	0.009000	0.008000	10.398000	0.010000	
43000	6.310000	1.615000	3.548000	0.014000	0.009000	12.752000	0.011000	
44000	6.996000	1.744000	2.826000	0.010000	0.009000	11.459000	0.011000	
45000	7.187000	1.877000	3.242000	0.009000	0.009000	12.328000	0.011000	
46000	7.252000	1.726000	3.026000	0.010000	0.010000	12.291000	0.010000	
47000	7.539000	1.848000	3.187000	0.010000	0.009000	13.060000	0.012000	
48000	7.830000	1.857000	3.317000	0.009000	0.009000	14.029000	0.013000	
49000	8.785000	2.070000	3.669000	0.010000	0.010000	13.948000	0.011000	
50000	8.469000	2.122000	4.512000	0.013000	0.011000	20.680000	0.019000	
51000	12.901000	2.708000	4.530000	0.013000	0.011000	18.046000	0.012000	
52000	9.891000	2.388000	4.554000	0.019000	0.018000	17.627001	0.015000	
53000	11.328000	3.331000	4.665000	0.012000	0.013000	17.856001	0.012000	
54000	13.787000	3.394000	5.498000	0.014000	0.012000	23.261999	0.031000	
55000	14.436000	3.199000	5.093000	0.013000	0.012000	19.813000	0.020000	
56000	15.646000	3.620000	5.675000	0.031000	0.017000	23.794001	0.017000	
57000	15.722000	3.977000	6.600000	0.016000	0.017000	22.083000	0.015000	
58000	14.380000	3.877000	5.845000	0.014000	0.014000	26.445999	0.018000	
59000	13.062000	2.898000	5.205000	0.014000	0.013000	21.049999	0.015000	
60000	13.500000	3.095000	5.371000	0.016000	0.013000	28.181000	0.018000	
61000	16.056000	3.859000	6.461000	0.015000	0.016000	25.757999	0.016000	
62000	13.734000	3.201000	5.657000	0.015000	0.013000	22.921000	0.015000	
63000	13.876000	3.330000	5.884000	0.017000	0.015000	23.826000	0.017000	
64000	14.280000	3.440000	6.062000	0.015000	0.017000	24.466000	0.017000	
65000	15.105000	3.656000	6.279000	0.013000	0.014000	26.118000	0.015000	
66000	17.537001	5.199000	8.788000	0.019000	0.015000	33.153000	0.025000	
67000	19.084000	4.941000	7.823000	0.015000	0.015000	34.479000	0.019000	
68000	21.764000	5.467000	9.143000	0.020000	0.025000	35.317001	0.022000	
69000	18.371000	4.374000	8.424000	0.016000	0.018000	34.412998	0.016000	
70000	21.973000	6.402000	8.757000	0.022000	0.022000	35.035000	0.032000	
71000	22.223000	5.568000	8.402000	0.019000	0.019000	33.946999	0.020000	
72000	21.797001	5.535000	8.325000	0.016000	0.016000	34.112000	0.017000	
73000	21.337000	5.248000	8.934000	0.026000	0.019000	38.391998	0.038000	
74000	20.561001	4.728000	8.135000	0.017000	0.017000	35.730999	0.021000	
75000	27.039000	6.059000	9.912000	0.018000	0.021000	40.202000	0.018000	
76000	25.188999	5.532000	9.987000	0.020000	0.022000	47.040001	0.028000	
77000	28.618999	5.527000	9.113000	0.018000	0.019000	43.382000	0.031000	
78000	24.778000	5.563000	9.646000	0.019000	0.019000	41.497002	0.023000	
79000	25.420000	5.535000	9.679000	0.018000	0.021000	45.139000	0.019000	
80000	24.749001	6.058000	9.594000	0.017000	0.019000	41.831001	0.025000	
81000	24.655001	5.913000	10.479000	0.023000	0.023000	46.570000	0.028000	
82000	27.882999	6.526000	11.130000	0.020000	0.020000	60.721001	0.035000	
83000	33.451000	6.963000	10.506000	0.021000	0.020000	53.179001	0.021000	
84000	31.740999	7.715000	12.961000	0.025000	0.025000	50.882000	0.022000	
85000	37.598000	7.305000	13.877000	0.023000	0.025000	59.839001	0.023000	
86000	35.161999	8.981000	13.864000	0.035000	0.035000	57.652000	0.040000	
87000	37.292000	9.534000	15.276000	0.032000	0.029000	61.529999	0.032000	
88000	43.306999	12.273000	22.083000	0.030000	0.042000	70.403999	0.033000	
89000	36.237999	9.966000	15.012000	0.021000	0.028000	55.651001	0.023000	
90000	32.247002	8.060000	13.620000	0.023000	0.025000	54.770000	0.029000	
91000	33.258999	8.510000	12.810000	0.027000	0.029000	55.049000	0.022000	
92000	42.914001	11.591000	17.985001	0.030000	0.032000	72.314003	0.032000	
93000	42.012001	10.812000	15.319000	0.034000	0.032000	70.516998	0.031000	
94000	42.070999	10.632000	16.614000	0.024000	0.026000	66.066002	0.031000	
95000	44.698002	8.955000	15.579000	0.032000	0.031000	61.535000	0.025000	
96000	36.853001	9.047000	15.094000	0.025000	0.027000	62.285999	0.028000	
97000	37.140999	9.491000	15.369000	0.032000	0.033000	60.667999	0.038000	
98000	36.181000	8.360000	15.092000	0.022000	0.026000	59.219002	0.024000	
99000	36.478001	9.714000	16.112000	0.023000	0.027000	73.785004	0.048000	
100000	66.325996	12.350000	17.391001	0.037000	0.047000	93.473999	0.036000	
