1000	0.003000	0.002000	0.001000	0.000000	0.000000	0.006000	0.000000	
2000	0.015000	0.004000	0.005000	0.001000	0.000000	0.024000	0.001000	
3000	0.030000	0.007000	0.013000	0.001000	0.000000	0.050000	0.001000	
4000	0.057000	0.013000	0.023000	0.000000	0.001000	0.098000	0.001000	
5000	0.084000	0.021000	0.036000	0.001000	0.001000	0.143000	0.001000	
6000	0.123000	0.031000	0.052000	0.001000	0.001000	0.205000	0.001000	
7000	0.168000	0.042000	0.073000	0.002000	0.000000	0.296000	0.002000	
8000	0.223000	0.052000	0.097000	0.001000	0.001000	0.494000	0.002000	
9000	0.294000	0.078000	0.123000	0.002000	0.001000	0.552000	0.002000	
10000	0.475000	0.134000	0.202000	0.002000	0.001000	0.805000	0.006000	
11000	0.594000	0.156000	0.247000	0.004000	0.003000	1.004000	0.005000	
12000	0.787000	0.258000	0.300000	0.002000	0.002000	1.063000	0.004000	
13000	0.722000	0.173000	0.274000	0.002000	0.002000	1.062000	0.004000	
14000	0.786000	0.180000	0.310000	0.003000	0.002000	1.285000	0.004000	
15000	1.061000	0.263000	0.386000	0.003000	0.003000	1.767000	0.008000	
16000	1.280000	0.353000	0.500000	0.004000	0.002000	1.812000	0.004000	
17000	1.194000	0.342000	0.490000	0.004000	0.003000	1.970000	0.008000	
18000	1.404000	0.324000	0.600000	0.004000	0.003000	2.900000	0.012000	
19000	1.946000	0.368000	0.635000	0.005000	0.003000	2.650000	0.008000	
20000	1.794000	0.423000	0.663000	0.004000	0.003000	3.003000	0.005000	
21000	1.749000	0.412000	0.696000	0.004000	0.004000	2.772000	0.005000	
22000	1.796000	0.429000	0.745000	0.005000	0.003000	3.193000	0.005000	
23000	2.061000	0.481000	0.817000	0.005000	0.003000	3.375000	0.007000	
24000	2.265000	0.522000	0.882000	0.006000	0.004000	3.631000	0.006000	
25000	2.304000	0.551000	0.962000	0.006000	0.005000	3.938000	0.007000	
26000	2.505000	0.610000	1.050000	0.006000	0.004000	4.282000	0.007000	
27000	2.710000	0.657000	1.140000	0.005000	0.005000	4.564000	0.007000	
28000	2.882000	0.714000	1.247000	0.006000	0.005000	5.098000	0.008000	
29000	3.372000	0.795000	1.335000	0.006000	0.005000	5.206000	0.008000	
30000	3.168000	0.765000	1.396000	0.008000	0.005000	5.584000	0.007000	
31000	3.328000	0.806000	1.423000	0.006000	0.005000	7.148000	0.017000	
32000	4.484000	1.160000	1.691000	0.008000	0.006000	8.081000	0.009000	
33000	5.627000	1.249000	2.553000	0.022000	0.008000	8.468000	0.011000	
34000	5.224000	1.163000	1.980000	0.008000	0.007000	8.917000	0.013000	
35000	5.266000	1.161000	2.005000	0.008000	0.005000	7.952000	0.010000	
36000	6.689000	1.962000	2.679000	0.008000	0.008000	10.830000	0.009000	
37000	5.613000	1.454000	2.438000	0.008000	0.007000	9.970000	0.019000	
38000	5.835000	1.397000	2.365000	0.009000	0.007000	9.588000	0.015000	
39000	6.034000	1.618000	2.502000	0.009000	0.008000	10.324000	0.010000	
40000	6.409000	1.496000	2.605000	0.008000	0.010000	10.920000	0.013000	
41000	6.606000	1.664000	2.804000	0.009000	0.008000	11.097000	0.011000	
42000	7.005000	1.702000	2.922000	0.010000	0.008000	11.707000	0.011000	
43000	7.192000	1.735000	3.014000	0.010000	0.008000	12.329000	0.011000	
44000	7.577000	1.900000	3.181000	0.010000	0.009000	12.996000	0.012000	
45000	8.055000	1.954000	3.380000	0.011000	0.008000	13.745000	0.014000	
46000	8.632000	2.096000	3.332000	0.011000	0.010000	14.178000	0.013000	
47000	8.987000	2.147000	3.766000	0.011000	0.009000	15.898000	0.017000	
48000	12.997000	2.158000	3.759000	0.011000	0.011000	15.048000	0.012000	
49000	9.097000	2.326000	3.862000	0.011000	0.011000	15.699000	0.014000	
50000	9.629000	2.364000	4.001000	0.012000	0.009000	16.330000	0.014000	
51000	9.885000	2.408000	4.131000	0.011000	0.012000	16.802000	0.015000	
52000	10.281000	2.481000	4.350000	0.013000	0.011000	17.510000	0.012000	
53000	10.663000	2.597000	4.508000	0.013000	0.011000	21.593000	0.014000	
54000	11.482000	2.678000	4.540000	0.011000	0.012000	18.507000	0.014000	
55000	11.264000	2.706000	4.698000	0.013000	0.012000	18.999001	0.016000	
56000	11.497000	2.780000	4.889000	0.012000	0.012000	19.669001	0.017000	
57000	12.309000	2.909000	5.132000	0.014000	0.015000	20.658001	0.015000	
58000	12.631000	3.068000	5.246000	0.015000	0.013000	21.264999	0.017000	
59000	12.905000	3.167000	5.391000	0.013000	0.018000	21.896999	0.016000	
60000	13.702000	3.977000	6.636000	0.017000	0.014000	21.958000	0.014000	
61000	16.427000	3.397000	5.810000	0.016000	0.014000	24.069000	0.017000	
62000	14.155000	3.420000	5.955000	0.013000	0.013000	24.160000	0.018000	
63000	14.623000	3.503000	6.150000	0.014000	0.014000	24.957001	0.020000	
64000	15.092000	3.670000	6.486000	0.016000	0.014000	26.007000	0.020000	
65000	15.700000	3.787000	6.582000	0.015000	0.015000	27.069000	0.017000	
66000	16.514999	4.083000	7.025000	0.016000	0.015000	27.896000	0.018000	
67000	16.597000	3.989000	6.956000	0.015000	0.016000	28.208000	0.017000	
68000	17.214001	5.161000	8.368000	0.019000	0.017000	32.527000	0.019000	
69000	18.455999	4.218000	7.460000	0.016000	0.015000	31.393999	0.017000	
70000	18.558001	4.455000	7.798000	0.018000	0.016000	31.431000	0.020000	
71000	19.098000	6.055000	9.216000	0.024000	0.021000	38.396000	0.019000	
72000	22.365000	5.028000	9.066000	0.021000	0.021000	35.214001	0.018000	
73000	19.749001	4.755000	8.224000	0.017000	0.018000	33.831001	0.021000	
74000	26.804001	6.904000	9.788000	0.018000	0.019000	41.717999	0.022000	
75000	21.635000	5.417000	10.417000	0.024000	0.024000	42.643002	0.019000	
76000	21.555000	5.202000	9.331000	0.018000	0.020000	37.250999	0.023000	
77000	22.385000	5.338000	9.205000	0.019000	0.018000	37.574001	0.022000	
78000	24.103001	6.375000	10.415000	0.024000	0.024000	47.848999	0.023000	
79000	30.132000	5.717000	10.365000	0.025000	0.024000	43.182999	0.023000	
80000	24.622999	6.047000	11.047000	0.023000	0.023000	48.435001	0.029000	
81000	28.691000	7.450000	11.666000	0.020000	0.026000	46.924999	0.026000	
82000	27.344999	8.000000	12.690000	0.022000	0.024000	45.944000	0.020000	
83000	25.775999	6.189000	10.703000	0.018000	0.020000	44.124001	0.020000	
84000	27.653000	6.841000	14.104000	0.027000	0.027000	53.756001	0.022000	
85000	28.433001	6.858000	11.750000	0.024000	0.023000	46.980000	0.031000	
86000	29.802000	8.106000	13.177000	0.021000	0.024000	59.293999	0.039000	
87000	39.790001	9.788000	18.461000	0.033000	0.038000	59.601002	0.029000	
88000	34.816002	8.145000	13.347000	0.027000	0.028000	55.153000	0.025000	
89000	33.255001	10.527000	14.362000	0.033000	0.036000	54.337002	0.023000	
90000	30.007999	7.466000	12.817000	0.022000	0.024000	56.441002	0.028000	
91000	32.490002	7.949000	13.466000	0.022000	0.024000	53.730000	0.026000	
92000	32.665001	7.956000	13.436000	0.025000	0.026000	54.219002	0.023000	
93000	32.370998	7.766000	13.610000	0.021000	0.028000	55.276001	0.026000	
94000	31.993000	7.296000	12.885000	0.021000	0.025000	54.571999	0.028000	
95000	34.464001	8.366000	14.204000	0.022000	0.026000	58.186001	0.027000	
96000	34.513000	8.737000	14.744000	0.024000	0.027000	60.306000	0.027000	
97000	35.534000	9.070000	14.886000	0.025000	0.028000	60.824001	0.030000	
98000	33.564999	8.116000	14.027000	0.022000	0.025000	56.750999	0.024000	
99000	34.022999	8.360000	14.581000	0.022000	0.026000	58.523998	0.026000	
100000	34.875999	8.304000	14.675000	0.022000	0.026000	60.300999	0.026000	
